"ENSG00000116701" 15.9497884565356 4e-05 50.9024186962937 0
"ENSG00000049759" 19.4570732273166 1e-05 37.3637795127294 0
"ENSG00000137959" 17.7209334688353 8e-06 36.5265366124613 0
"ENSG00000117586" 15.7583251864297 3.8e-05 34.6525051910055 0
"ENSG00000105851" 19.6001773207956 1e-05 34.5364579202068 0
"ENSG00000122188" 19.9112546576263 8e-06 33.9552869383979 0
"ENSG00000043462" 18.4459323629648 1.2e-05 33.1156954553793 0
"ENSG00000042493" 18.4607365266753 1.4e-05 32.4705729090215 0
"ENSG00000164920" 21.9071272905939 8e-06 31.5355938670733 0
"ENSG00000172575" 20.0313269497025 1.2e-05 30.3529364011713 0
"ENSG00000139629" 12.9878803882795 0.000196 29.8730866289773 0
"ENSG00000196154" 11.2529349309339 0.000474 29.6891610418285 0
"ENSG00000188404" 16.8253612078784 4.2e-05 29.4283091059864 0
"ENSG00000170340" 17.4709449236272 1.8e-05 29.3281599306896 0
"ENSG00000188001" 17.5524679724408 1.8e-05 28.871861218141 0
"ENSG00000179331" 13.6889810523655 0.00014 28.8125243843733 0
"ENSG00000100368" 19.6391074201124 8e-06 28.7879389640629 0
"ENSG00000173334" 1.97354479144241 0.079812 28.7434586056331 0
"ENSG00000197629" 15.2707765619887 7.4e-05 28.3343701063214 0
"ENSG00000168961" 10.2999917311795 0.000728 28.0612920948873 2e-06
"ENSG00000087086" 19.6516327313518 1.2e-05 27.9434286399533 2e-06
"ENSG00000211456" 12.5883564090138 0.000232 27.942070735781 0
"ENSG00000124145" 18.2078101643293 1.2e-05 27.9032178971382 0
"ENSG00000137714" 15.8986622437662 2.6e-05 27.7633254316078 0
"ENSG00000051108" 17.8101427937252 1.8e-05 27.7489775468144 0
"ENSG00000065308" 16.9998752505128 3e-05 27.5890587908686 0
"ENSG00000148834" 14.1601757717615 0.000108 27.2902426666827 0
"ENSG00000140105" 11.3954609887033 0.00046 27.1984286935086 0
"ENSG00000204632" 19.288681794296 1e-05 27.1186667324443 0
"ENSG00000111275" 17.7247273938678 2e-05 27.0526964375958 0
"ENSG00000138834" 12.1874236618492 0.000324 26.9324768931044 0
"ENSG00000137331" 0 1 26.8468536424504 0
"ENSG00000118217" 10.7317859683872 0.000586 26.7408409288714 0
"ENSG00000046651" 12.6251246044428 0.000238 26.4456841010761 0
"ENSG00000134107" 16.5492224577662 2.4e-05 26.3886806771304 0
"ENSG00000163155" 15.0742870774134 5.8e-05 25.8165482108748 0
"ENSG00000106460" 14.483170070154 9.2e-05 25.7359778155932 0
"ENSG00000101901" 15.611041549145 5e-05 25.6173712729485 0
"ENSG00000170776" 8.02827289385996 0.00243 25.3986846782879 2e-06
"ENSG00000198833" 13.0827356437155 0.000184 24.7578246487485 0
"ENSG00000169223" 15.9190507564903 4.4e-05 24.2590236612632 2e-06
"ENSG00000132530" 17.658316971331 2.4e-05 24.190302425275 2e-06
"ENSG00000171617" 8.34369127345952 0.002124 24.1299717377232 4e-06
"ENSG00000104312" 20.0663645940473 8e-06 24.003294417821 2e-06
"ENSG00000103365" 16.1592565166757 3.2e-05 23.9731418304767 0
"ENSG00000127603" 13.2506165901732 0.000174 23.8866241006068 0
"ENSG00000116830" 2.31813979393192 0.0629 23.8137584709152 2e-06
"ENSG00000089094" 13.2216977888368 0.000174 23.7401821967117 2e-06
"ENSG00000123609" 12.6263016377063 0.000216 23.3252140217537 0
"ENSG00000183508" 12.2801560036326 0.000296 23.2454779041297 0
"ENSG00000166452" 13.8649067350221 0.000114 23.039310490923 4e-06
"ENSG00000102393" 16.0653451891048 4.2e-05 23.0156613594728 0
"ENSG00000171552" 18.6697661640293 1.8e-05 23.0000570776855 4e-06
"ENSG00000131653" 12.8356535205496 0.000192 22.7730570439972 4e-06
"ENSG00000221887" 5.79314887903186 0.008442 22.6999738278545 2e-06
"ENSG00000182718" 17.4350823390175 1.2e-05 22.6970584429706 2e-06
"ENSG00000167461" 6.78077471199524 0.004792 22.6036723437496 0
"ENSG00000118503" 15.3915017068718 5.4e-05 22.5443210404229 0
"ENSG00000237541" 16.4349608691951 2e-05 22.3113196041523 0
"ENSG00000145287" 18.0474999557892 8e-06 22.1571399337758 2e-06
"ENSG00000029639" 8.18504418288529 0.002314 22.105207834615 0
"ENSG00000169116" 13.6138915857099 0.000134 22.0297350600456 4e-06
"ENSG00000100219" 9.59580707093171 0.001162 21.5963536997405 2e-06
"ENSG00000184381" 16.0195665918202 2.8e-05 21.594517370703 4e-06
"ENSG00000139684" 19.0033191643517 8e-06 21.5302488198778 2e-06
"ENSG00000171467" 8.16085192246383 0.002376 21.5239500648379 2e-06
"ENSG00000123933" 18.5367679407252 2e-05 21.3060884913687 4e-06
"ENSG00000013375" 3.3191867199965 0.034526 20.8997110521293 2e-06
"ENSG00000109501" 17.8877844993707 2e-05 20.6913749505891 0
"ENSG00000115216" 8.3064644221751 0.002102 20.3820448469441 2e-06
"ENSG00000116761" 10.8381557978082 0.000594 20.2086917738607 4e-06
"ENSG00000120451" 14.3097106823234 9.2e-05 19.9342041582067 4e-06
"ID" "RNA_Stat" "RNA_P" "RIBO_Stat" "RIBO_P"
