"ENSG00000164308" 111.154531359025 0 74.3447033292511 0
"ENSG00000022556" 76.1432446561822 0 65.5423751425184 0
"ENSG00000090530" 74.4668200502897 0 63.8350773450758 0
"ENSG00000211895" 74.6296668227391 0 60.5014488106463 0
"ENSG00000134250" 61.9882392352282 0 58.8547362693873 0
"ENSG00000211592" 88.5039313291617 0 58.4610846755425 0
"ENSG00000243466" 62.9614641980948 0 56.6580923444376 0
"ENSG00000008394" 50.2949993973002 0 56.5967117734917 0
"ENSG00000135821" 61.5899292515002 0 56.2822473934672 0
"ENSG00000135046" 54.6605006878648 0 55.2197463324842 0
"ENSG00000106025" 65.5541236285798 0 54.6099351050333 0
"ENSG00000131711" 49.9695349948829 0 53.6460666433888 0
"ENSG00000211896" 50.8945032891581 0 53.1057797913605 0
"ENSG00000072110" 70.1868071313755 0 52.9873714198043 0
"ENSG00000124491" 69.7922498073496 0 52.8800349617164 0
"ENSG00000137673" 27.7025366931748 0 52.8264461559963 0
"ENSG00000211640" 118.266041469992 0 52.4252881853775 0
"ENSG00000074706" 79.1245363928027 0 52.310104278075 0
"ENSG00000101336" 49.1077498536382 0 51.9762197075903 0
"ENSG00000135048" 71.6711978681829 0 51.4497446353306 0
"ENSG00000151491" 52.4243917470838 0 51.0895183041179 0
"ENSG00000116701" 15.9497884565356 4e-05 50.9024186962937 0
"ENSG00000143776" 93.7414810155992 0 50.3207722385933 0
"ENSG00000211598" 60.0896059964821 0 50.0300755288779 0
"ENSG00000173702" 31.4878328228714 0 49.4550485965395 0
"ENSG00000153721" 63.0814944940803 0 48.858169763892 0
"ENSG00000104341" 57.3621515770359 0 48.6632882095442 0
"ENSG00000143153" 73.9151916232421 0 48.1179666289654 0
"ENSG00000085563" 83.4910115687146 0 48.0150579148791 0
"ENSG00000146426" 42.1461689555455 0 47.9957043814164 0
"ENSG00000182985" 47.7636466232549 0 47.9801980352681 0
"ENSG00000172817" 82.5397780717621 0 47.6703764526805 0
"ENSG00000082293" 77.8107839505521 0 47.6413139402668 0
"ENSG00000211949" 42.7904893689949 0 47.3782222168243 0
"ENSG00000027075" 74.3365288304375 0 47.3164048943743 0
"ENSG00000211898" 44.1350341461616 0 47.2306150548015 0
"ENSG00000166025" 74.8153674822604 0 47.0628238488826 0
"ENSG00000137198" 55.1188855283293 0 46.9384152966077 0
"ENSG00000211899" 47.4003804459132 0 46.8991411610436 0
"ENSG00000114757" 70.1066611319489 0 46.8657388649297 0
"ENSG00000107554" 58.6034600755133 0 46.7200440656946 0
"ENSG00000239951" 54.6389917641801 0 46.3634017561433 0
"ENSG00000026025" 48.5952874916353 0 46.3021127711012 0
"ENSG00000183742" 57.2383207765269 0 46.2956913488448 0
"ENSG00000173801" 62.2199438410716 0 46.1449301633615 0
"ENSG00000100351" 48.277271881359 0 46.1401169081371 0
"ENSG00000108679" 68.4044051550851 0 45.9290867098456 0
"ENSG00000084234" 82.6409765907962 0 45.5753041710028 0
"ENSG00000165617" 71.2026404772925 0 45.542103052164 0
"ENSG00000113790" 54.0074771271248 0 45.4981874451053 0
"ENSG00000056736" 45.9837053648875 0 45.3610235763644 0
"ENSG00000116962" 19.4352659802834 2e-06 45.3102709873108 0
"ENSG00000162654" 55.2941328630914 0 45.2384742396938 0
"ENSG00000111052" 70.6154148870945 0 45.2022248548176 0
"ENSG00000115109" 71.7826764605754 0 44.8304820507536 0
"ENSG00000149970" 51.280364695791 0 44.3942322084553 0
"ENSG00000134121" 77.5899170410283 0 44.2828723502626 0
"ENSG00000064763" 46.9231125916488 0 44.2218699920675 0
"ENSG00000160746" 81.19509346678 0 44.18423922453 0
"ENSG00000148498" 75.8541954513275 0 44.1283235783687 0
"ENSG00000128641" 69.8714294742 0 44.1051901761755 0
"ENSG00000144452" 50.3644815843788 0 44.1047324215459 0
"ENSG00000086300" 62.3632854152351 0 43.9198946799565 0
"ENSG00000186810" 55.6472468987379 0 43.8329942092214 0
"ENSG00000070087" 76.1320090648454 0 43.802230389108 0
"ENSG00000166750" 93.3057535994175 0 43.6477267818913 0
"ENSG00000154277" 65.3886606121278 0 43.4921628037339 0
"ENSG00000164237" 40.3652277647715 0 43.4408733677611 0
"ENSG00000150593" 33.0291536110245 0 43.409949853832 0
"ENSG00000198846" 45.5984553700152 0 43.2100877246954 0
"ENSG00000112486" 48.596938941939 0 43.0440584341247 0
"ENSG00000163219" 60.4409360954418 0 42.8424753299949 0
"ENSG00000152894" 74.4398998758072 0 42.6336670530402 0
"ENSG00000163814" 53.1647517838933 0 42.4665366957039 0
"ENSG00000025039" 72.9573577637697 0 42.3099065604849 0
"ENSG00000213949" 45.6965482183701 0 42.2951657191469 0
"ENSG00000197635" 58.5586592442327 0 42.2828761610704 0
"ENSG00000119917" 36.1017235541363 0 42.1018016931212 0
"ENSG00000154127" 110.64947266308 0 42.0997863875619 0
"ENSG00000085514" 49.8410401113337 0 42.0983378942154 0
"ENSG00000167081" 43.8213464189588 0 41.9503838982401 0
"ENSG00000134243" 76.5768068414974 0 41.8510292301276 0
"ENSG00000164904" 35.1771717227677 0 41.5121089512761 0
"ENSG00000104267" 67.9260925539277 0 41.4806648966655 0
"ENSG00000076716" 51.7635998530173 0 41.4387832093956 0
"ENSG00000101439" 34.6391995401085 0 41.3808064445256 0
"ENSG00000102445" 72.1975910994559 0 41.3659482598437 0
"ENSG00000134709" 92.6853029575934 0 41.3311940173387 0
"ENSG00000158321" 55.0120942782033 0 41.3252085801898 0
"ENSG00000108753" 61.0748723789652 0 41.2697374777158 0
"ENSG00000167634" 57.4464283297472 0 41.246811472298 0
"ENSG00000186522" 51.3166006567662 0 41.1365879359878 0
"ENSG00000177311" 29.5475012228236 0 41.0557979354968 0
"ENSG00000061918" 93.4992262149257 0 41.0390928854627 0
"ENSG00000154153" 19.0523904305268 6e-06 41.0368000373329 0
"ENSG00000165929" 57.0223421183755 0 40.869067305673 0
"ENSG00000138411" 69.5147684714121 0 40.7388306593743 0
"ENSG00000169136" 26.904583666177 0 40.6939710517389 0
"ENSG00000240184" 36.563605148081 0 40.6700924352205 0
"ENSG00000010278" 44.7962332159575 0 40.5818981335469 0
"ENSG00000159618" 54.0917254133148 0 40.4291139559708 0
"ENSG00000162909" 55.0391505955705 0 40.3247946120087 0
"ENSG00000151229" 58.9684396444227 0 40.2438601486236 0
"ENSG00000117791" 34.5467706788606 0 40.2114038439733 0
"ENSG00000198964" 49.4702116591892 0 40.0973551626586 0
"ENSG00000102024" 52.6615728906572 0 40.0463558561105 0
"ENSG00000102409" 29.9156343878216 0 40.0211256319711 0
"ENSG00000198722" 80.591051689156 0 39.8628845644971 0
"ENSG00000021355" 57.3482178226949 0 39.7202232338083 0
"ENSG00000147044" 77.6145166902213 0 39.7100054770786 0
"ENSG00000186462" 42.0396468927377 0 39.6784578957169 0
"ENSG00000081913" 40.2645661023752 0 39.5120602961618 0
"ENSG00000153064" 87.9685483681362 0 39.4217831977131 0
"ENSG00000164116" 82.5217429225532 0 39.259007799649 0
"ENSG00000163823" 44.8864273449547 0 39.2477203478929 0
"ENSG00000088882" 76.6679481047511 0 39.2436099817843 0
"ENSG00000197822" 61.2604182969677 0 39.0802184303656 0
"ENSG00000080503" 79.2969080318711 0 39.0256546261696 0
"ENSG00000152127" 63.9292625453798 0 38.9099475419195 0
"ENSG00000139263" 60.5686155723293 0 38.7320822148228 0
"ENSG00000131370" 31.7286027331038 0 38.6082262806004 0
"ENSG00000159023" 62.206655511315 0 38.5653248584968 0
"ENSG00000168528" 55.5358188666543 0 38.5107629372292 0
"ENSG00000168743" 61.0578479242274 0 38.4736788050875 0
"ENSG00000029534" 52.3918870081525 0 38.2889896541618 0
"ENSG00000157388" 36.7235563117883 0 38.2197290023907 0
"ENSG00000108771" 44.8188583247582 0 38.0148156416186 0
"ENSG00000005187" 74.9365700104365 0 37.9084171846151 0
"ENSG00000136842" 58.4363348728437 0 37.9041807765933 0
"ENSG00000109436" 35.9572008301759 0 37.8007710746931 0
"ENSG00000196141" 44.5861960500805 0 37.780065089709 0
"ENSG00000106853" 43.2883842876325 0 37.6891264767362 0
"ENSG00000155962" 41.3814052213966 0 37.6412856578648 0
"ENSG00000196730" 32.9862421695626 0 37.4853081554202 0
"ENSG00000134202" 52.606458881648 0 37.3837436432974 0
"ENSG00000049759" 19.4570732273166 1e-05 37.3637795127294 0
"ENSG00000164292" 58.7097413328985 0 37.3520233723487 0
"ENSG00000078596" 46.7713643600928 0 37.2726132361923 0
"ENSG00000121690" 69.2435280166817 0 37.1939503462931 0
"ENSG00000175471" 42.3682965018445 0 37.1901553579146 0
"ENSG00000111961" 82.1222649123314 0 37.1578556187723 0
"ENSG00000142192" 21.4253765323225 0 37.1083826401202 0
"ENSG00000079819" 70.1188823376477 0 37.0384143169478 0
"ENSG00000144837" 57.9462695636583 0 37.0128884978897 0
"ENSG00000006453" 76.4601428270771 0 37.0108659691511 0
"ENSG00000197888" 78.1248227599661 0 37.0024431759417 0
"ENSG00000128512" 48.4374113414014 0 36.9768666916283 0
"ENSG00000149292" 35.6706975824867 0 36.8875636095232 0
"ENSG00000117519" 40.8260574298299 0 36.8596310996114 0
"ENSG00000122359" 30.9275601167458 0 36.8338953320443 0
"ENSG00000169398" 69.0719164382158 0 36.7889281872386 0
"ENSG00000110090" 30.7595759958483 0 36.7697146349666 0
"ENSG00000039068" 59.1402134327917 0 36.7466244324022 0
"ENSG00000115738" 23.1737292264675 0 36.5552806309633 0
"ENSG00000137959" 17.7209334688353 8e-06 36.5265366124613 0
"ENSG00000133121" 63.6377371774484 0 36.5026850209291 0
"ENSG00000103316" 72.3517416673023 0 36.2350249710657 0
"ENSG00000179144" 55.0965645349089 0 36.111449231395 0
"ENSG00000154451" 82.561777236613 0 36.0993453981495 0
"ENSG00000134755" 49.2313251479749 0 36.0528212313914 0
"ENSG00000196586" 94.6219781954079 0 36.041050445938 0
"ENSG00000120659" 56.8196555543017 0 36.0022379810745 0
"ENSG00000100557" 86.9841243028531 0 35.9980043718652 0
"ENSG00000138814" 39.0603787144694 0 35.9824232917896 0
"ENSG00000136960" 28.1319365812179 0 35.9577739359231 0
"ENSG00000143514" 60.0755840235152 0 35.8856680208626 0
"ENSG00000133805" 42.9147195540273 0 35.7780341520337 0
"ENSG00000211677" 79.5837210022728 0 35.7562363802873 0
"ENSG00000115183" 55.6448699294199 0 35.6641118413682 0
"ENSG00000052795" 85.2272802422445 0 35.5953055669532 0
"ENSG00000164683" 59.1663128373659 0 35.5671214149542 0
"ENSG00000141506" 63.3184299752927 0 35.4776628941563 0
"ENSG00000100504" 35.8927106784629 0 35.3846710774358 0
"ENSG00000242550" 48.2993755424863 0 35.2173868238856 0
"ENSG00000115318" 23.2601147151399 0 35.1720582379503 0
"ENSG00000026508" 52.75435635364 0 35.0149892245712 0
"ENSG00000145284" 98.9085889939751 0 34.9388215828109 0
"ENSG00000155307" 39.6709521473309 0 34.9095079895667 0
"ENSG00000166689" 50.6012912427092 0 34.8969391930611 0
"ENSG00000150938" 76.6295343247725 0 34.8218774286071 0
"ENSG00000117586" 15.7583251864297 3.8e-05 34.6525051910055 0
"ENSG00000188906" 70.6623639877307 0 34.6310111884363 0
"ENSG00000166428" 29.0510057509701 0 34.5799654178015 0
"ENSG00000105851" 19.6001773207956 1e-05 34.5364579202068 0
"ENSG00000167483" 70.0385906668312 0 34.4430639361843 0
"ENSG00000121966" 54.2434098525661 0 34.3852780433731 0
"ENSG00000085871" 47.0085130002438 0 34.3766700052621 0
"ENSG00000221955" 80.0191631192305 0 34.361790663614 0
"ENSG00000151474" 29.2672516570015 0 34.2973559492326 0
"ENSG00000162733" 37.7977739072258 0 34.2181803702118 0
"ENSG00000114013" 27.4758250014854 0 34.1198995583157 0
"ENSG00000156535" 45.4603766156823 0 34.0967794291363 0
"ENSG00000170542" 49.5461315774002 0 34.0512583839002 0
"ENSG00000137965" 28.6920759684615 0 33.9571469646714 0
"ENSG00000122188" 19.9112546576263 8e-06 33.9552869383979 0
"ENSG00000100473" 50.0540888290486 0 33.9384675952086 0
"ENSG00000105655" 53.2426122104632 0 33.9128944926086 0
"ENSG00000167703" 52.7059041239922 0 33.8769633919987 0
"ENSG00000111331" 53.6685786143007 0 33.8742950094373 0
"ENSG00000138795" 43.275072933945 0 33.8631443584872 0
"ENSG00000067177" 67.2484698147504 0 33.7866259134218 0
"ENSG00000104921" 61.6516946269901 0 33.7727459472645 0
"ENSG00000181104" 40.1524438758245 0 33.7727010159882 0
"ENSG00000152495" 69.496953986681 0 33.6950387205618 0
"ENSG00000079691" 60.4260174105214 0 33.6638617102158 0
"ENSG00000133574" 55.3509437560541 0 33.6126993400601 0
"ENSG00000167642" 57.8928302614121 0 33.5592004782539 0
"ENSG00000100284" 49.7852874075698 0 33.4690921733708 0
"ENSG00000118515" 32.3048003440154 0 33.4298581749016 0
"ENSG00000113504" 62.6013512311276 0 33.3574837495994 0
"ENSG00000118985" 22.3308805051093 0 33.3398026199354 0
"ENSG00000185339" 61.2881670270056 0 33.3274369593243 0
"ENSG00000160999" 54.0663237762145 0 33.3248456041649 0
"ENSG00000061273" 68.37365286196 0 33.2081962647057 0
"ENSG00000125148" 49.4395725037568 0 33.1223212594984 0
"ENSG00000043462" 18.4459323629648 1.2e-05 33.1156954553793 0
"ENSG00000010810" 75.0752535870936 0 33.0422383128745 0
"ENSG00000132185" 42.7228501155767 0 32.9900233841418 0
"ENSG00000121769" 36.5281688338655 0 32.8798738731372 0
"ENSG00000154928" 40.8656193678194 0 32.8782499613243 0
"ENSG00000132334" 34.0109099897565 0 32.8313144353108 0
"ENSG00000004468" 25.7234671818853 0 32.8296482778317 0
"ENSG00000138640" 59.691559792511 0 32.8188646819628 0
"ENSG00000142347" 71.0381145216894 0 32.7979037051973 0
"ENSG00000152217" 67.6508130477344 0 32.7812960000929 0
"ENSG00000213886" 36.9579588270182 0 32.7783793979411 0
"ENSG00000057252" 42.1911463901124 0 32.7418336018844 0
"ENSG00000139679" 72.1944380755124 0 32.7415287369596 0
"ENSG00000178562" 45.5732105230864 0 32.6977806946287 0
"ENSG00000171105" 42.7343157390264 0 32.6323268276787 0
"ENSG00000006282" 95.6536118493953 0 32.598293597242 0
"ENSG00000100321" 38.228485221311 0 32.5392063515674 0
"ENSG00000027697" 47.4289146145714 0 32.5265221240098 0
"ENSG00000042493" 18.4607365266753 1.4e-05 32.4705729090215 0
"ENSG00000069702" 61.7512015309968 0 32.460147360749 0
"ENSG00000197608" 51.5326055082359 0 32.4081114403452 0
"ENSG00000118432" 48.2312995589276 0 32.391945504492 0
"ENSG00000016391" 35.0917563383705 0 32.3560348018069 0
"ENSG00000143297" 24.3635673146163 0 32.2822605688118 0
"ENSG00000137486" 51.6314716192196 0 32.2025097477008 0
"ENSG00000136111" 59.9407507360006 0 32.1906697077503 0
"ENSG00000137936" 45.3824402416805 0 32.143166335222 0
"ENSG00000133104" 40.659611916168 0 32.1191907021236 0
"ENSG00000107719" 22.8699387611025 2e-06 32.0440289100232 0
"ENSG00000173599" 76.4060640891505 0 31.9407646934028 0
"ENSG00000137628" 19.3565335833704 4e-06 31.9111149331249 0
"ENSG00000183785" 48.7479665954519 0 31.8741363670459 0
"ENSG00000148053" 57.2473098812385 0 31.7812627875113 0
"ENSG00000066056" 83.3877375471039 0 31.7536526745973 0
"ENSG00000117228" 57.058315874002 0 31.6012893149071 0
"ENSG00000123892" 34.8958332529851 0 31.5809485230176 0
"ENSG00000164920" 21.9071272905939 8e-06 31.5355938670733 0
"ENSG00000185432" 43.1971421717451 0 31.5260386588199 0
"ENSG00000120915" 36.6149804630541 0 31.4877873126024 0
"ENSG00000141198" 75.3531281575567 0 31.4556248703225 0
"ENSG00000134955" 72.0626171431746 0 31.4276897197021 0
"ENSG00000100918" 42.1873629827974 0 31.357573670607 0
"ENSG00000064886" 36.7893478073018 0 31.2021538818006 2e-06
"ENSG00000008086" 53.4700481199683 0 31.1586932975819 0
"ENSG00000075651" 72.9911428496133 0 31.1070964183076 0
"ENSG00000149177" 57.1790266442848 0 31.020461940573 0
"ENSG00000118689" 30.4577554771118 0 30.9330423597774 0
"ENSG00000163518" 36.1488491153709 0 30.901846771455 0
"ENSG00000188848" 92.5092368129142 0 30.8997809624717 2e-06
"ENSG00000170464" 33.211277818203 0 30.8888514530903 0
"ENSG00000100599" 45.0440839686685 0 30.8851133584027 0
"ENSG00000180611" 74.9547478300617 0 30.7841255419363 0
"ENSG00000152492" 57.1747304978149 0 30.6725583645293 0
"ENSG00000213366" 50.041188027374 0 30.6691274030799 0
"ENSG00000226777" 51.1796720582538 0 30.6159895289844 0
"ENSG00000221923" 52.6126271220397 0 30.4637769586453 0
"ENSG00000196975" 67.0088291846123 0 30.4546738404787 0
"ENSG00000162402" 52.1654686373659 0 30.429622440754 0
"ENSG00000136573" 74.1917441168444 0 30.4235514297656 0
"ENSG00000163207" 45.2713211152071 0 30.3839545120547 0
"ENSG00000147180" 34.5583631834542 0 30.3586244009289 0
"ENSG00000172575" 20.0313269497025 1.2e-05 30.3529364011713 0
"ENSG00000102096" 18.9273509565488 2e-06 30.3441063930691 0
"ENSG00000135842" 54.0695666119662 0 30.3156368294317 0
"ENSG00000188641" 55.3447245836829 0 30.2869774964284 0
"ENSG00000188157" 25.7101359212317 0 30.2845486521072 0
"ENSG00000184588" 42.1060450238464 0 30.2364599238653 0
"ENSG00000007237" 56.490432701282 0 30.2348868718549 0
"ENSG00000109787" 34.6636647363304 0 30.2024661059073 0
"ENSG00000196323" 54.027428459148 0 30.1765021391454 0
"ENSG00000253250" 31.310215037475 0 30.1371512484955 0
"ENSG00000177459" 87.0989964461306 0 30.0745490165204 0
"ENSG00000159212" 35.5732818638551 0 30.0518700804809 0
"ENSG00000136634" 39.1584878463741 0 30.0405326541889 0
"ENSG00000069869" 44.5428472375901 0 29.9914692151898 0
"ENSG00000154864" 69.224998201686 0 29.9892167149538 0
"ENSG00000164649" 31.2361278547577 0 29.8916167600076 0
"ENSG00000139629" 12.9878803882795 0.000196 29.8730866289773 0
"ENSG00000041880" 22.9704771636141 0 29.7958062395186 0
"ENSG00000211897" 44.1373087914415 0 29.7923413763591 0
"ENSG00000211893" 40.8654851363573 0 29.7482271327796 0
"ENSG00000173930" 55.3542698197788 0 29.6946340087223 0
"ENSG00000196154" 11.2529349309339 0.000474 29.6891610418285 0
"ENSG00000031081" 22.7582692522387 0 29.6720912027365 0
"ENSG00000186716" 66.8697600035893 0 29.6654171480719 0
"ENSG00000126262" 38.4861804213051 0 29.6466809998406 0
"ENSG00000153208" 74.3613999428559 0 29.6213234234285 0
"ENSG00000105875" 44.1906107064376 0 29.6127437592939 0
"ENSG00000170522" 27.5359645614268 0 29.568670550863 0
"ENSG00000111266" 33.9939725040389 0 29.5449910806118 0
"ENSG00000178445" 43.8846347003768 0 29.5051360399205 0
"ENSG00000065833" 39.4740434741506 0 29.4788643710514 0
"ENSG00000179934" 49.8683736297583 0 29.4753309926668 0
"ENSG00000214944" 33.3268537264533 0 29.4480092265246 0
"ENSG00000188404" 16.8253612078784 4.2e-05 29.4283091059864 0
"ENSG00000005471" 65.7256739893583 0 29.3595478525277 0
"ENSG00000170340" 17.4709449236272 1.8e-05 29.3281599306896 0
"ENSG00000173212" 63.2866663225228 0 29.3193254555666 0
"ENSG00000165175" 41.8107121374648 0 29.3024435733421 0
"ENSG00000140545" 55.7590042944204 0 29.2976773633156 0
"ENSG00000105339" 22.1727901489491 4e-06 29.2806769883365 0
"ENSG00000134775" 56.210343524436 0 29.2743505844708 0
"ENSG00000181381" 23.1279342546142 0 29.1792026354731 0
"ENSG00000205089" 39.3013017657481 0 29.0637048388313 0
"ENSG00000211455" 22.5726670444114 2e-06 29.0522081821203 0
"ENSG00000035720" 51.0623696833838 0 29.0361897992371 0
"ENSG00000163563" 38.6226162576066 0 29.034695616682 0
"ENSG00000115884" 49.168267954212 0 29.0268161841501 0
"ENSG00000173542" 44.9440050231985 0 29.0098793075235 0
"ENSG00000132589" 35.701200381396 0 29.0073334862382 0
"ENSG00000123066" 43.6443155082271 0 28.9409049036477 0
"ENSG00000100600" 43.3075619044924 0 28.896859765549 0
"ENSG00000188001" 17.5524679724408 1.8e-05 28.871861218141 0
"ENSG00000078269" 40.9427707807649 0 28.8692712657529 0
"ENSG00000156966" 50.0262350154853 0 28.8691558446386 0
"ENSG00000185745" 25.6346572805899 0 28.8629048999293 0
"ENSG00000132205" 33.1538868327993 0 28.8374443574281 0
"ENSG00000179331" 13.6889810523655 0.00014 28.8125243843733 0
"ENSG00000154217" 40.2812272128082 0 28.7889974861254 0
"ENSG00000100368" 19.6391074201124 8e-06 28.7879389640629 0
"ENSG00000174837" 34.2687125965732 0 28.7542432625713 0
"ENSG00000173334" 1.97354479144241 0.079812 28.7434586056331 0
"ENSG00000150347" 25.0961348373159 0 28.7393966887052 0
"ENSG00000074660" 60.8736251851583 0 28.7378070234782 2e-06
"ENSG00000145349" 33.0183344462744 0 28.725831081082 0
"ENSG00000211966" 58.3284797236942 0 28.6744532914623 0
"ENSG00000089057" 38.3126946227625 0 28.6673130533591 0
"ENSG00000163362" 63.5744953758599 0 28.6430534789128 0
"ENSG00000136231" 21.8818908563799 2e-06 28.642757432807 0
"ENSG00000080200" 73.836770771042 0 28.6371294499169 0
"ENSG00000049656" 31.8558843066976 0 28.6043705272927 0
"ENSG00000120278" 52.2415793278672 0 28.6036209084158 0
"ENSG00000143545" 45.020386360183 0 28.5918353886879 0
"ENSG00000105855" 84.1125455993343 0 28.5864468312893 0
"ENSG00000117289" 32.1367976544127 0 28.5710260059524 2e-06
"ENSG00000172716" 58.040926819875 0 28.5653730703627 0
"ENSG00000196954" 27.9958096633085 0 28.5552947897713 0
"ENSG00000198106" 27.3540871639081 0 28.5516570186234 0
"ENSG00000122591" 24.5446050543013 0 28.5446859363738 0
"ENSG00000116191" 21.3565995286364 0 28.5427875950051 2e-06
"ENSG00000107438" 36.4401516275984 0 28.540033598116 2e-06
"ENSG00000106605" 44.5199915818751 0 28.5116836354229 0
"ENSG00000162645" 39.338507472523 0 28.4840509631193 0
"ENSG00000187796" 25.8586007375617 0 28.4569050749352 0
"ENSG00000138639" 44.3320778600622 0 28.4442920111342 0
"ENSG00000113140" 59.8855622788692 0 28.3611242390982 0
"ENSG00000180543" 52.4534215742618 0 28.3419813870293 2e-06
"ENSG00000197629" 15.2707765619887 7.4e-05 28.3343701063214 0
"ENSG00000103489" 59.9704362419966 0 28.3310955573597 0
"ENSG00000003402" 20.441322215025 4e-06 28.3075103371363 0
"ENSG00000120875" 36.4618647232287 0 28.2455109105687 0
"ENSG00000169245" 47.4680053789413 0 28.2323435284949 0
"ENSG00000114423" 31.6567975275407 0 28.2120152838333 0
"ENSG00000163960" 42.7651378238345 0 28.1490352913724 0
"ENSG00000137269" 69.2309761301574 0 28.1039742366334 2e-06
"ENSG00000168961" 10.2999917311795 0.000728 28.0612920948873 2e-06
"ENSG00000139116" 31.6992178209054 0 28.0581031278169 0
"ENSG00000184014" 49.8672304863186 0 27.9645107766474 0
"ENSG00000184867" 32.3770630394048 0 27.9609401337935 0
"ENSG00000117139" 45.8905540498889 0 27.9516474773896 0
"ENSG00000087086" 19.6516327313518 1.2e-05 27.9434286399533 2e-06
"ENSG00000211456" 12.5883564090138 0.000232 27.942070735781 0
"ENSG00000169435" 61.9225299071882 0 27.9411185326773 0
"ENSG00000124145" 18.2078101643293 1.2e-05 27.9032178971382 0
"ENSG00000117298" 60.754252712144 0 27.854404091657 0
"ENSG00000198959" 30.2270630400894 0 27.8449770301693 0
"ENSG00000163082" 27.9651361529136 0 27.8024593280978 0
"ENSG00000134324" 24.2527093555458 0 27.7864134762234 0
"ENSG00000100290" 55.1752373477964 0 27.7648753633067 0
"ENSG00000137714" 15.8986622437662 2.6e-05 27.7633254316078 0
"ENSG00000051108" 17.8101427937252 1.8e-05 27.7489775468144 0
"ENSG00000101695" 38.5889799083105 0 27.7140129273017 0
"ENSG00000059378" 30.0800341254994 0 27.7000800755516 0
"ENSG00000198780" 59.6783130345791 0 27.6703929214628 0
"ENSG00000044459" 65.4651277583012 0 27.6695061109416 0
"ENSG00000165475" 37.7787608327294 0 27.6243353391306 0
"ENSG00000111424" 34.0096159590283 0 27.612764966354 0
"ENSG00000065308" 16.9998752505128 3e-05 27.5890587908686 0
"ENSG00000135077" 44.299135835244 0 27.4690278131309 0
"ENSG00000180530" 58.4051158068366 0 27.4062121466409 0
"ENSG00000137766" 20.9779973163114 0 27.3604596010357 2e-06
"ENSG00000121858" 34.6346562937063 0 27.3498541178032 0
"ENSG00000148834" 14.1601757717615 0.000108 27.2902426666827 0
"ENSG00000107201" 24.8745724626783 4e-06 27.2591345153065 0
"ENSG00000160789" 23.2759868800452 0 27.2562471930395 2e-06
"ENSG00000170456" 48.5522173298522 0 27.2342373224385 0
"ENSG00000140105" 11.3954609887033 0.00046 27.1984286935086 0
"ENSG00000134256" 41.5635774989813 0 27.1708789102664 0
"ENSG00000203995" 41.118997489337 0 27.1621477681397 0
"ENSG00000172292" 40.1184897236679 0 27.1363683587334 2e-06
"ENSG00000126016" 31.0634143450505 0 27.1304562888457 0
"ENSG00000134184" 42.4367015545135 0 27.1299531785399 2e-06
"ENSG00000141664" 31.5033578598005 0 27.1279751792363 0
"ENSG00000204632" 19.288681794296 1e-05 27.1186667324443 0
"ENSG00000137831" 39.7267139734773 0 27.0894763751881 0
"ENSG00000131069" 44.1257105682661 0 27.0827105535106 0
"ENSG00000111275" 17.7247273938678 2e-05 27.0526964375958 0
"ENSG00000169508" 60.3986733404479 0 27.0496620078694 0
"ENSG00000179163" 82.759651164894 0 27.0205155808431 0
"ENSG00000198502" 69.641566430868 0 27.0048438986533 2e-06
"ENSG00000058668" 20.0809340041568 2e-06 26.9795987390204 0
"ENSG00000185215" 23.3441879122381 0 26.9685622257393 0
"ENSG00000110328" 61.5211511025977 0 26.963202600801 0
"ENSG00000081052" 35.8541506643982 0 26.9597042945907 0
"ENSG00000089486" 34.5549870416135 0 26.9589704201731 4e-06
"ENSG00000127951" 61.2963240142265 0 26.9460812285049 0
"ENSG00000138834" 12.1874236618492 0.000324 26.9324768931044 0
"ENSG00000132965" 40.1450635453141 0 26.9130280153293 0
"ENSG00000116711" 37.2101718075994 0 26.9120263820237 0
"ENSG00000120549" 29.144859310573 0 26.9029054568405 0
"ENSG00000155324" 42.1216192579813 0 26.8568042848464 0
"ENSG00000137331" 0 1 26.8468536424504 0
"ENSG00000140563" 68.5546734996535 0 26.8081294596425 2e-06
"ENSG00000163902" 23.3401927420846 0 26.7714680417053 0
"ENSG00000115604" 27.7330455770295 0 26.7532340902866 2e-06
"ENSG00000102755" 60.1956371522598 0 26.7441949437545 2e-06
"ENSG00000135074" 60.6332184726357 0 26.7424766033168 0
"ENSG00000118217" 10.7317859683872 0.000586 26.7408409288714 0
"ENSG00000169129" 49.2278599320466 0 26.7206902799048 0
"ENSG00000198865" 55.8538470200912 0 26.713122687145 2e-06
"ENSG00000217555" 57.834084032033 0 26.710760994598 0
"ENSG00000179820" 37.0693347170796 0 26.6493788499616 0
"ENSG00000070214" 49.4923636702763 0 26.6416637612178 0
"ENSG00000169641" 43.1172359232587 0 26.627813144205 0
"ENSG00000112773" 63.6776476222572 0 26.5484463397148 0
"ENSG00000089692" 32.6877132627469 0 26.5368642703263 0
"ENSG00000092621" 58.0166722009582 0 26.5239037887462 4e-06
"ENSG00000004534" 19.8053667366805 6e-06 26.515008194425 0
"ENSG00000060982" 41.0515881546455 0 26.5002936871279 2e-06
"ENSG00000054983" 23.6367673549308 2e-06 26.4994973176524 0
"ENSG00000105928" 32.4270375831979 0 26.4965085530024 0
"ENSG00000046651" 12.6251246044428 0.000238 26.4456841010761 0
"ENSG00000166147" 54.4318475809243 0 26.4176194627586 2e-06
"ENSG00000185920" 28.8389213507222 0 26.4122172031456 4e-06
"ENSG00000105854" 24.8618989742886 0 26.4004762863237 0
"ENSG00000108370" 39.3111739063119 0 26.3899418417415 0
"ENSG00000134107" 16.5492224577662 2.4e-05 26.3886806771304 0
"ENSG00000177469" 47.0585958444214 0 26.3822491600327 0
"ENSG00000120217" 22.870421046582 0 26.3752872618295 0
"ENSG00000105404" 25.2105910878937 0 26.36919175602 0
"ENSG00000154429" 57.1089813954974 0 26.3346477576873 0
"ENSG00000213203" 34.0505374138153 0 26.3069052846654 0
"ENSG00000157680" 64.003992139361 0 26.2883594028689 0
"ENSG00000196126" 62.894251514433 0 26.2649279487208 0
"ENSG00000157764" 26.7199884091302 0 26.2542801550176 0
"ENSG00000133026" 54.3923827246203 0 26.2529184395738 0
"ENSG00000109684" 34.2983565239192 0 26.2439920180009 2e-06
"ENSG00000135363" 58.5588668105046 0 26.1880639043783 2e-06
"ENSG00000170571" 57.5373664615845 0 26.1390755463819 0
"ENSG00000118971" 30.5699690832199 0 26.1330134950877 0
"ENSG00000198561" 54.3950029312769 0 26.1032764549116 0
"ENSG00000134326" 26.2701375107046 0 26.0443616460007 2e-06
"ENSG00000231389" 57.1976819760235 0 25.9585714961744 0
"ENSG00000163687" 33.3590795000772 0 25.8873134666246 2e-06
"ENSG00000119139" 42.216512848091 0 25.8790416427821 0
"ENSG00000065989" 39.7222250665078 0 25.8551526028643 0
"ENSG00000047648" 51.0788294873666 0 25.8294934553859 2e-06
"ENSG00000184897" 28.0794573468143 0 25.8238437886661 0
"ENSG00000163155" 15.0742870774134 5.8e-05 25.8165482108748 0
"ENSG00000075420" 43.7852337290016 0 25.7817468187016 0
"ENSG00000126353" 26.5248332968503 0 25.7672350098185 0
"ENSG00000160284" 39.9751440246004 0 25.7630988457021 0
"ENSG00000153395" 66.597401033801 0 25.7585099926344 0
"ENSG00000136010" 68.9294274754976 0 25.7573262413042 2e-06
"ENSG00000106460" 14.483170070154 9.2e-05 25.7359778155932 0
"ENSG00000091972" 42.4457505577453 0 25.7298336074268 2e-06
"ENSG00000138642" 26.2545402929401 0 25.677993921962 0
"ENSG00000138771" 45.6537685494089 0 25.6482816926117 2e-06
"ENSG00000233280" 51.2814184315451 0 25.6407443108784 2e-06
"ENSG00000115825" 38.3766474973589 0 25.6353535002549 2e-06
"ENSG00000154556" 35.425398870669 0 25.6306833890883 0
"ENSG00000101901" 15.611041549145 5e-05 25.6173712729485 0
"ENSG00000184349" 32.5384898892626 0 25.5705396600762 0
"ENSG00000073282" 48.4481316747423 0 25.4648479963322 0
"ENSG00000125445" 28.0305918147007 0 25.4636328783683 2e-06
"ENSG00000140199" 34.4182889636192 0 25.4522956948956 0
"ENSG00000159403" 22.4033296598257 2e-06 25.4512463728933 0
"ENSG00000162434" 33.6730664769063 0 25.4414066273017 0
"ENSG00000088992" 30.6167162210009 0 25.4110351969623 0
"ENSG00000132849" 53.7029246388142 0 25.4062079750296 0
"ENSG00000170776" 8.02827289385996 0.00243 25.3986846782879 2e-06
"ENSG00000123130" 38.3219902418287 0 25.3920348193115 0
"ENSG00000119866" 47.1530420299553 0 25.3677464065161 2e-06
"ENSG00000131400" 52.8906147433036 0 25.3565079054888 2e-06
"ENSG00000101335" 45.1429823841133 0 25.2987414087142 0
"ENSG00000140044" 34.6418919797665 0 25.2600343616659 0
"ENSG00000136261" 31.7579984140929 0 25.2254432901974 0
"ENSG00000090376" 52.5104613718196 0 25.1757951728007 0
"ENSG00000105426" 68.5053981951619 0 25.1571016182736 0
"ENSG00000114473" 28.0989048160629 0 25.1493130923693 0
"ENSG00000175832" 39.1426612261324 0 25.093065894089 0
"ENSG00000104356" 27.2894202024649 2e-06 25.0484777979134 0
"ENSG00000172578" 46.6287777818816 0 25.0407722231953 0
"ENSG00000071537" 40.5233841580614 0 25.0183458052288 0
"ENSG00000161929" 22.3787751609119 0 25.0085140252832 2e-06
"ENSG00000138061" 43.3124415768824 0 24.9660122609137 2e-06
"ENSG00000134463" 41.5663867913916 0 24.9603951206479 0
"ENSG00000073861" 70.0236364245429 0 24.9507518401073 0
"ENSG00000143924" 27.6639908333609 0 24.8964657729392 4e-06
"ENSG00000112137" 25.152418546858 0 24.779937826954 4e-06
"ENSG00000198833" 13.0827356437155 0.000184 24.7578246487485 0
"ENSG00000100097" 39.222220391872 0 24.7517857594574 2e-06
"ENSG00000123989" 28.6450532903627 0 24.6348108507492 0
"ENSG00000112297" 64.8286965914806 0 24.6344508111397 0
"ENSG00000171714" 60.2472894674067 0 24.6275286121954 0
"ENSG00000150627" 55.9748699976888 0 24.585107363355 0
"ENSG00000149577" 49.2852465887898 0 24.5672643010965 2e-06
"ENSG00000140678" 28.0478218607826 0 24.5340526368827 2e-06
"ENSG00000182511" 38.1956317504695 0 24.5260586151566 2e-06
"ENSG00000185760" 51.0175032681903 0 24.504335838886 2e-06
"ENSG00000133424" 50.8007767301816 0 24.4878960848698 0
"ENSG00000049249" 18.2871913995856 6e-06 24.4706885825855 2e-06
"ENSG00000079931" 45.8829870935661 0 24.4300125210681 0
"ENSG00000008405" 40.7167892241855 0 24.4035078941421 2e-06
"ENSG00000107959" 25.0529893717692 0 24.378174824904 2e-06
"ENSG00000185442" 55.4152343220733 0 24.3705410452768 2e-06
"ENSG00000147231" 34.2408167062221 0 24.3658475936722 0
"ENSG00000136026" 20.0444280918511 6e-06 24.3612304398196 0
"ENSG00000134352" 67.4102948019113 0 24.3532448305348 2e-06
"ENSG00000069493" 29.6139164476758 0 24.3134225212996 0
"ENSG00000119900" 59.8095097617785 0 24.3119507479233 2e-06
"ENSG00000130830" 50.8398826398536 0 24.2993820433415 4e-06
"ENSG00000170275" 54.9747320813286 0 24.2798347515084 4e-06
"ENSG00000104783" 26.3451368929708 0 24.267888992278 0
"ENSG00000169223" 15.9190507564903 4.4e-05 24.2590236612632 2e-06
"ENSG00000133059" 58.9249036571061 0 24.2490772144086 0
"ENSG00000089159" 30.6536296575938 0 24.238359815633 0
"ENSG00000137752" 38.6829476339618 0 24.2215249735589 0
"ENSG00000132530" 17.658316971331 2.4e-05 24.190302425275 2e-06
"ENSG00000157827" 55.0986158288209 0 24.1445977395116 2e-06
"ENSG00000166394" 54.7289143786368 0 24.1346817825454 0
"ENSG00000168916" 75.8313701022366 0 24.132848108355 0
"ENSG00000171617" 8.34369127345952 0.002124 24.1299717377232 4e-06
"ENSG00000148935" 61.5706776209883 0 24.1285629019578 0
"ENSG00000135750" 23.0642623526098 2e-06 24.1166988727277 0
"ENSG00000145715" 52.6563649241531 0 24.1066777575177 2e-06
"ENSG00000059377" 30.6654915130001 0 24.0782853366397 2e-06
"ENSG00000127838" 25.5897401073189 0 24.0526300642731 0
"ENSG00000174607" 28.8903587334793 2e-06 24.0359525537547 0
"ENSG00000181090" 46.4620918270707 0 24.0114701481374 4e-06
"ENSG00000046604" 34.5435193512567 0 24.0054819903063 2e-06
"ENSG00000164070" 19.0496305292603 6e-06 24.0036691884776 2e-06
"ENSG00000104312" 20.0663645940473 8e-06 24.003294417821 2e-06
"ENSG00000110400" 35.6675364855436 0 24.0024462527788 0
"ENSG00000163697" 33.5291375307667 0 23.9937637187525 2e-06
"ENSG00000100596" 54.4402301161852 0 23.9881237641942 0
"ENSG00000143367" 32.2154716483358 0 23.982531415623 2e-06
"ENSG00000103365" 16.1592565166757 3.2e-05 23.9731418304767 0
"ENSG00000004864" 24.3022915611777 2e-06 23.9421735959086 2e-06
"ENSG00000204287" 44.4090795640673 0 23.9359799911152 2e-06
"ENSG00000187210" 72.9612932922661 0 23.9236848172136 0
"ENSG00000126759" 25.2389436441652 2e-06 23.8933209505189 2e-06
"ENSG00000100628" 26.2498665950042 0 23.8877780458274 2e-06
"ENSG00000127603" 13.2506165901732 0.000174 23.8866241006068 0
"ENSG00000114993" 53.9068093951097 0 23.8557471232497 2e-06
"ENSG00000118292" 49.5713558092024 0 23.8441395008858 2e-06
"ENSG00000130363" 20.7798753602072 4e-06 23.829196729683 2e-06
"ENSG00000133256" 39.8140022088615 0 23.8164945153149 4e-06
"ENSG00000116830" 2.31813979393192 0.0629 23.8137584709152 2e-06
"ENSG00000126010" 59.6472845069592 0 23.7441482419097 2e-06
"ENSG00000089094" 13.2216977888368 0.000174 23.7401821967117 2e-06
"ENSG00000065809" 27.468455933451 0 23.7332759920449 0
"ENSG00000211772" 42.7023025928315 0 23.7133941797383 0
"ENSG00000182446" 70.5397447297677 0 23.7064276026935 2e-06
"ENSG00000162692" 41.4453101805913 0 23.6364418781187 2e-06
"ENSG00000160712" 61.4761665380301 0 23.6151534632658 0
"ENSG00000180644" 53.544210219973 0 23.5706356611999 0
"ENSG00000069966" 62.6463855328264 0 23.5656779573285 0
"ENSG00000154832" 41.338891635924 0 23.5245204957824 0
"ENSG00000152969" 52.6602139216335 0 23.521062474693 0
"ENSG00000085511" 34.587953442933 0 23.4753461172599 4e-06
"ENSG00000091490" 51.829553013493 0 23.4744276426159 2e-06
"ENSG00000152104" 45.0359443687374 0 23.468554075433 0
"ENSG00000166532" 34.3809843771462 0 23.4386432655107 4e-06
"ENSG00000120087" 30.3466656895203 0 23.4217019882646 0
"ENSG00000105499" 45.5793245573237 0 23.3810328802514 2e-06
"ENSG00000115159" 30.2141468651265 0 23.371076402815 4e-06
"ENSG00000166228" 48.7993811749908 0 23.3707050461272 0
"ENSG00000159216" 41.1924260152577 0 23.3539664283304 2e-06
"ENSG00000204257" 36.1784044512072 0 23.350182228955 2e-06
"ENSG00000123609" 12.6263016377063 0.000216 23.3252140217537 0
"ENSG00000106868" 22.60889690809 4e-06 23.2786845277874 2e-06
"ENSG00000183508" 12.2801560036326 0.000296 23.2454779041297 0
"ENSG00000073737" 34.4659500352946 0 23.2131690075659 2e-06
"ENSG00000166503" 65.0578902157072 0 23.1782958942792 0
"ENSG00000116741" 35.1641394319285 0 23.1671338342612 0
"ENSG00000204186" 24.1243260661356 0 23.161174102584 0
"ENSG00000174600" 54.1571248149855 0 23.1561487887103 4e-06
"ENSG00000150907" 28.3338724306006 0 23.1301513168754 0
"ENSG00000164111" 72.1308211066002 0 23.0519500055531 2e-06
"ENSG00000166452" 13.8649067350221 0.000114 23.039310490923 4e-06
"ENSG00000081189" 36.8139126554872 0 23.0292536894683 4e-06
"ENSG00000102393" 16.0653451891048 4.2e-05 23.0156613594728 0
"ENSG00000171132" 35.7098476082844 0 23.0097878190216 2e-06
"ENSG00000171552" 18.6697661640293 1.8e-05 23.0000570776855 4e-06
"ENSG00000078900" 26.3448208197374 0 22.9757842189817 2e-06
"ENSG00000050426" 37.6423359067554 0 22.9230816611104 2e-06
"ENSG00000130592" 38.460742067222 0 22.8904561316045 2e-06
"ENSG00000160593" 48.7386736733427 0 22.88733554551 2e-06
"ENSG00000175895" 24.1788944410836 0 22.8593500958765 2e-06
"ENSG00000149054" 51.6659971866337 0 22.8569465095851 4e-06
"ENSG00000143198" 45.3291859659088 0 22.8187379492936 2e-06
"ENSG00000115295" 21.7487025024883 4e-06 22.8122046713842 4e-06
"ENSG00000131653" 12.8356535205496 0.000192 22.7730570439972 4e-06
"ENSG00000109756" 29.3545739112201 0 22.760226120381 2e-06
"ENSG00000151458" 36.5404008091561 0 22.7285660204057 4e-06
"ENSG00000221887" 5.79314887903186 0.008442 22.6999738278545 2e-06
"ENSG00000182718" 17.4350823390175 1.2e-05 22.6970584429706 2e-06
"ENSG00000154447" 75.7155490712399 0 22.6610086618238 2e-06
"ENSG00000167461" 6.78077471199524 0.004792 22.6036723437496 0
"ENSG00000170476" 28.8756149818799 0 22.5856180172222 0
"ENSG00000050730" 27.4096741929722 0 22.5799849169723 2e-06
"ENSG00000118503" 15.3915017068718 5.4e-05 22.5443210404229 0
"ENSG00000122986" 23.0475963223642 0 22.5063839031552 2e-06
"ENSG00000100721" 47.1790135002796 0 22.4944293804372 2e-06
"ENSG00000241106" 91.2405847106353 0 22.4575719066844 2e-06
"ENSG00000197646" 19.5021639144322 6e-06 22.4324987038338 2e-06
"ENSG00000065154" 32.0406136542343 0 22.3808173275551 4e-06
"ENSG00000187775" 47.4473688281849 0 22.3422677723752 2e-06
"ENSG00000000938" 40.7189846266589 0 22.3361518083331 4e-06
"ENSG00000077782" 48.7675324547938 0 22.3280742803485 4e-06
"ENSG00000237541" 16.4349608691951 2e-05 22.3113196041523 0
"ENSG00000185222" 40.0490941308861 0 22.2525257825594 2e-06
"ENSG00000111913" 49.4197666916895 0 22.2247520656662 2e-06
"ENSG00000198034" 66.7428877238367 0 22.2169922483437 0
"ENSG00000130635" 34.2070509161147 0 22.1953923260291 2e-06
"ENSG00000102962" 26.9373495134505 0 22.1763975636553 2e-06
"ENSG00000145287" 18.0474999557892 8e-06 22.1571399337758 2e-06
"ENSG00000162433" 34.2444499497146 0 22.1452764578397 2e-06
"ENSG00000029639" 8.18504418288529 0.002314 22.105207834615 0
"ENSG00000186998" 56.2929178339147 0 22.0839937400841 0
"ENSG00000184584" 41.2561361613582 0 22.0562992245735 4e-06
"ENSG00000035664" 32.3719692549731 0 22.0492866818202 2e-06
"ENSG00000169116" 13.6138915857099 0.000134 22.0297350600456 4e-06
"ENSG00000100365" 37.3607965526583 0 21.9608083412419 2e-06
"ENSG00000155629" 38.340384740252 0 21.9064014144883 2e-06
"ENSG00000139722" 31.843453921204 0 21.8952731832707 4e-06
"ENSG00000197461" 36.9114554086245 0 21.8727556714837 0
"ENSG00000118922" 45.9655898146938 0 21.8721888517788 0
"ENSG00000163110" 42.2187327444808 0 21.8359235546974 4e-06
"ENSG00000147138" 69.7921262600704 0 21.7958715734473 4e-06
"ENSG00000174130" 32.1993852441347 0 21.7707997491118 2e-06
"ENSG00000064787" 49.4605358944899 0 21.7660477691829 4e-06
"ENSG00000136717" 52.6537351797683 0 21.7576087241008 4e-06
"ENSG00000071967" 66.1756553125178 0 21.638725827181 4e-06
"ENSG00000100219" 9.59580707093171 0.001162 21.5963536997405 2e-06
"ENSG00000184381" 16.0195665918202 2.8e-05 21.594517370703 4e-06
"ENSG00000061676" 56.5215451216761 0 21.5781383675246 0
"ENSG00000116157" 59.259920453366 0 21.5644197009877 0
"ENSG00000076641" 38.1072546522213 0 21.5471062305997 4e-06
"ENSG00000139684" 19.0033191643517 8e-06 21.5302488198778 2e-06
"ENSG00000090104" 27.2821518021446 0 21.5239818521666 4e-06
"ENSG00000171467" 8.16085192246383 0.002376 21.5239500648379 2e-06
"ENSG00000152778" 35.6793732366235 0 21.4261141992761 4e-06
"ENSG00000117318" 32.8361943093051 0 21.3881201318421 2e-06
"ENSG00000135318" 40.0354055796145 0 21.3418893203897 2e-06
"ENSG00000111885" 34.9849681122811 0 21.3303856495282 2e-06
"ENSG00000123933" 18.5367679407252 2e-05 21.3060884913687 4e-06
"ENSG00000156675" 33.0262403207929 0 21.2915544491102 4e-06
"ENSG00000165030" 54.4273249578498 0 21.2862484201228 2e-06
"ENSG00000213626" 26.7902543254031 0 21.1026724746288 2e-06
"ENSG00000198805" 31.1564231685381 0 20.9640488368323 4e-06
"ENSG00000134575" 28.235784983761 0 20.9161263316759 4e-06
"ENSG00000173208" 33.372918060633 0 20.9067070504512 2e-06
"ENSG00000174123" 27.7580924531708 0 20.8999359159544 4e-06
"ENSG00000013375" 3.3191867199965 0.034526 20.8997110521293 2e-06
"ENSG00000017427" 49.9456901705759 0 20.7500481247585 2e-06
"ENSG00000152061" 50.4142623200051 0 20.6989636332323 4e-06
"ENSG00000109501" 17.8877844993707 2e-05 20.6913749505891 0
"ENSG00000196735" 57.4195189341267 0 20.6622905255796 4e-06
"ENSG00000078687" 31.4616848393196 0 20.4973577559515 4e-06
"ENSG00000140931" 48.298581441185 0 20.4791557879107 4e-06
"ENSG00000166501" 36.659463881143 0 20.4600232587153 4e-06
"ENSG00000173085" 23.7499343410855 0 20.3847098050956 2e-06
"ENSG00000115216" 8.3064644221751 0.002102 20.3820448469441 2e-06
"ENSG00000110852" 49.8875331238155 0 20.3346034034619 4e-06
"ENSG00000116761" 10.8381557978082 0.000594 20.2086917738607 4e-06
"ENSG00000182389" 40.051874688294 0 20.1444057078533 2e-06
"ENSG00000141068" 42.8715733830533 0 20.0944058952631 4e-06
"ENSG00000120451" 14.3097106823234 9.2e-05 19.9342041582067 4e-06
"ENSG00000152939" 27.3173587928881 2e-06 19.9238620650435 4e-06
"ENSG00000184979" 21.532187483072 0 19.8571525730166 4e-06
"ENSG00000113742" 20.5361342006485 6e-06 19.8004796057264 4e-06
"ENSG00000136153" 65.6355357240762 0 19.2347640192993 4e-06
"ID" "RNA_Stat" "RNA_P" "RIBO_Stat" "RIBO_P"
